9.061756935602870433e-01
2.324207485201044143e+00
1.819460113726734551e+00
7.141865179774156136e-01
2.061347138055111827e+00
2.628424891475517722e+00
1.922826492430285139e+00
2.949747856839264326e+00
4.710572328964500954e+00
1.800766660709048228e+00
1.989608745921493282e+00
2.068160654153307298e+00
1.625667513116258345e+00
4.154414569854807837e+00
1.215712979760844803e+00
1.399921854695327594e+00
1.015515132264999565e+00
3.337198720683043351e+00
2.186587534631503793e+00
2.974625261064177018e+00
7.780366057591109552e+00
1.557499468256053898e+00
7.274530086687468478e-01
2.619274260861713444e+00
4.783982613883528412e-01
2.638294468565878681e+00
8.736267019273857848e-01
3.877510552658661958e+00
2.407633719689323826e+00
2.047320688081990081e+00
2.099850711716315654e+00
2.557626525795919648e+00
9.253898947422187771e-01
2.477248758974712750e+00
8.755277187200474209e-01
2.018418827566048623e+00
2.079227301156813201e+00
1.538204142069967695e+00
4.523337885520687607e+00
2.233919755097429238e+00
1.437732476686687022e+00
7.830785625587052268e-01
1.967695311349445086e+00
1.694737916981842396e+00
1.385026870584289416e+00
1.667644139106675416e+00
9.077836384964723671e-01
1.996083441982319906e+00
1.544769517992351071e+00
1.457370552707005107e+00
1.140376706916636618e+00
1.604265346914331314e+00
8.937148103806798360e+00
1.071207332307207327e+00
8.063658730668676888e-01
1.430157571210185274e+00
1.986160039913455133e+00
1.053093408543838372e+00
1.566853108928176752e+00
6.039023763281594626e-01
3.447920577318033253e-01
1.279917199510450576e+00
1.789139964822468176e+00
1.394706081576637224e+00
2.307225853376051461e+00
1.730848541982170197e+00
1.907141486699809985e+00
1.610907273869537804e+00
1.826143913207998182e+00
8.210228533294366970e-01
6.483541214799692476e+00
2.228532483077742210e+00
6.187445360530615446e+00
1.177584256349039737e+00
1.909163591357834866e+00
6.884501087982772827e-01
1.744133249895862381e+00
5.261569014974177838e-01
6.182126009240160869e-01
8.463237938992601572e-01
9.618675415833243258e-01
2.271384123048774573e+00
1.508414641283098101e+00
1.847033142358910363e+00
9.062769985275102025e-01
1.588914353538922519e+00
9.481764254619805543e-01
2.781763442062301639e-01
2.129655800265044974e+00
3.919257247282685430e+00
1.671833518127261664e+00
1.893350097185043879e+00
1.501637325494147746e+00
1.552035664968420381e+00
6.691641837008270866e-01
1.447267757899491247e+00
1.153433534102382030e+00
6.654330878185943376e-01
2.190063978256063137e+00
1.011095617904627320e+00
